IMG_X=1392
IMG_Y=1080
DEG_X=6.0
DEG_Y=4.65517241379
PIXSCALE=15.5172413793
ARC_ERR=6.41745470157
MAX_FALSE_STARS=5
EXPECTED_FALSE_STARS=2.5
MIN_MAG=6.19568320752
PSF_RADIUS=0.5
POS_VARIANCE=0.342079136751
IMAGE_VARIANCE=0
PHOTONS=3316285.2642
