IMG_X=1920
IMG_Y=1440
DEG_X=10.0
DEG_Y=7.5
PIXSCALE=18.75
ARC_ERR=6.41745470157
MAX_FALSE_STARS=80
EXPECTED_FALSE_STARS=40.0
MIN_MAG=5.97254288894
PSF_RADIUS=0.5
POS_VARIANCE=0.234289634683
IMAGE_VARIANCE=0
PHOTONS=2700198.88576
