IMG_X=1920
IMG_Y=1440
PIXSCALE=18.75
DEG_X=10.0
DEG_Y=7.5
REQUIRED_STARS=4
MAX_FALSE_STARS=80
EXPECTED_FALSE_STARS=40.0
PSF_RADIUS=0.5
PHOTONS=2700198.88576
BRIGHT_THRESH=8810.40007664
MIN_MAG=6.21600030931
IMAGE_VARIANCE=0
POS_ERR_SIGMA=2
POS_VARIANCE=0.0484069493147
